-4829
-4832
-4979
-4980
-4962
-4929
-4781
-4799
-4856
-4749
-4792
-4747
-4748
-4641
-4775
-4595
-4626
-4628
-4672
-4556
-4580
-4511
-4502
-4533
-4539
-4514
-4520
-4543
-4480
-4308
-4425
-4363
-4392
-4496
-4295
-4391
-4232
-4236
-4306
-4292
-4308
-4267
-4062
-4193
-4197
-4166
-4094
-4054
-4017
-4160
-3989
-4050
-3971
-3949
-3939
-3987
-4014
-3897
-3937
-3900
-3933
-3929
-3883
-3846
-3865
-3849
-3817
-3829
-3832
-3746
-3717
-3874
-3803
-3744
-3729
-3807
-3672
-3759
-3660
-3624
-3690
-3663
-3715
-3658
-3580
-3615
-3614
-3607
-3517
-3601
-3580
-3476
-3504
-3467
-3473
-3487
-3508
-3489
-3336
-3341
-3342
-3353
-3461
-3301
-3318
-3179
-3186
-3284
-3159
-3253
-3165
-3103
-3277
-3098
-3091
-3054
-3101
-3037
-3133
-3103
-2936
-3023
-3052
-3035
-3016
-3006
-2844
-2832
-2873
-2874
-2879
-2864
-2873
-2812
-2738
-2706
-2708
-2731
-2720
-2731
-2692
-2673
-2617
-2595
-2645
-2700
-2684
-2552
-2518
-2559
-2497
-2518
-2504
-2528
-2414
-2468
-2441
-2327
-2226
-2381
-2192
-2226
-2149
-2195
-2165
-2198
-2221
-2164
-2099
-2099
-2074
-2075
-2136
-2040
-1928
-1937
-2046
-2034
-1915
-2013
-1992
-1989
-1902
-1887
-1892
-1861
-1812
-1819
-1855
-1671
-1661
-1720
-1649
-1712
-1663
-1623
-1734
-1594
-1626
-1527
-1574
-1510
-1515
-1540
-1463
-1445
-1473
-1480
-1427
-1435
-1426
-1366
-1398
-1392
-1377
-1385
-1341
-1412
-1320
-1261
-1361
-1360
-1343
-1235
-1355
-1223
-1213
-1171
-1226
-1248
-1188
-1161
-1063
-1121
-1089
-1097
-1149
-1129
-1037
-982
-1040
-991
-1047
-939
-991
-973
-870
-819
-873
-919
-960
-965
-816
-758
-812
-807
-785
-775
-703
-752
-685
-748
-692
-733
-713
-621
-704
-606
-615
-597
-657
-626
-652
-531
-570
-583
-536
-578
-557
-434
-407
-543
-433
-446
-468
-465
-516
-243
-358
-369
-282
-300
-325
-321
-241
-163
-137
-207
-205
-130
-234
-57
-22
-121
-89
-82
-95
59
-84
110
113
-7
112
68
-4
181
152
134
187
182
157
131
255
250
212
277
262
260
323
219
354
366
329
326
369
369
373
423
405
463
384
374
518
496
444
493
526
524
509
566
531
550
587
589
660
547
650
720
709
725
755
703
717
774
702
814
869
788
808
766
797
915
872
927
936
894
895
876
985
994
974
952
994
999
1095
1001
1064
1070
1118
1024
1076
1129
1039
1163
1185
1163
1144
1159
1137
1267
1225
1237
1231
1200
1194
1298
1294
1203
1333
1271
1299
1284
1331
1413
1340
1357
1381
1423
1337
1371
1450
1479
1427
1492
1483
1431
1531
1425
1534
1538
1521
1551
1563
1623
1548
1567
1597
1563
1564
1671
1635
1730
1726
1686
1727
1721
1700
1833
1851
1757
1847
1798
1842
1918
1806
1765
1886
1901
1901
1890
1927
1865
2002
1928
2004
2011
1952
2027
2106
2041
1980
2085
2151
2035
2121
2066
2253
2230
2271
2229
2170
2186
2199
2321
2449
2340
2403
2468
2422
2505
2504
2396
2473
2548
2541
2497
2591
2472
2570
2617
2614
2638
2616
2559
2650
2698
2710
2689
2673
2727
2645
2821
2751
2858
2826
2744
2811
2805
2961
2875
2976
2921
2985
2875
2940
3066
3041
3072
3078
2990
2995
3155
3075
3123
3087
3136
3136
3121
3138
3285
3202
3321
3322
3245
3200
3194
3422
3373
3344
3380
3322
3364
3500
3418
3559
3479
3495
3533
3653
3496
3510
3592
3605
3635
3637
3584
3654
3706
3717
3676
3675
3776
3700
3904
3700
3794
3835
3858
3823
3909
3892
3947
3955
3965
3957
3956
3958
3937
4047
3974
4039
4023
4044
3973
4135
4155
4036
4068
4058
4078
4096
4216
4141
4226
4165
4165
4200
4213
4176
4273
4238
4341
4296
4321
4308
4244
4349
4364
4342
4401
4469
4421
4394
4522
4514
4496
4472
4539
4503
4548
4667
4638
4680
4556
4625
4680
4667
4762
4701
4768
4820
4801
4828
4904
4688
4907
4929
4860
4939
4971
4907
5078
4978
4976
5011
4994
5085
5145
5069
5144
5137
5138
5091
5090
5154
5129
5172
5220
5161
5167
5204
5176
5290
5274
5252
5281
5263
5268
5238
5381
5349
5297
5336
5390
5386
5434
5319
5457
5432
5474
5479
5461
5445
5578
5575
5495
5534
5559
5569
5607
5540
5616
5588
5598
5600
5711
5636
5590
5730
5652
5708
5716
5639
5714
5829
5753
5827
5744
5831
5734
5830
5944
5836
5945
5893
5861
5913
5896
5988
5954
5971
5946
5947
5977
5959
6106
6023
6049
6101
6068
6071
6143
6159
6030
6122
6154
6115
6197
6161
6132
6182
6185
6220
6234
6224
6218
6333
6238
6265
6244
6328
6276
6263
6402
6368
6382
6370
6385
6445
6402
6396
6428
6445
6481
6441
6497
6465
6556
6516
6590
6612
6510
6522
6664
6500
6646
6615
6641
6667
6658
6671
6708
6707
6702
6684
6700
6696
6689
6715
6774
6822
6863
6728
6841
6735
6910
6911
6954
6922
6955
6992
6906
6892
7011
6996
6968
6995
6977
6982
7060
7105
7129
7091
7064
7049
7138
7202
7065
7141
7151
7215
7200
7231
7220
7221
7264
7288
7314
7243
7295
7325
7464
7391
7463
7479
7410
7358
7485
7484
7496
7500
7532
7591
7509
7509
7545
7582
7550
7544
7549
7539
7644
7652
7685
7592
7694
7643
7755
7594
7765
7723
7761
7774
7763
7855
7721
7777
7861
7877
7841
7835
7820
7902
7915
7880
7891
7908
7933
7957
7900
7959
8038
8024
8020
7934
8241
8081
8293
8094
8264
8289
8172
8301
8348
8342
8304
8305
8357
8307
8346
8410
8470
8459
8389
8404
8474
8441
8434
8527
8569
8547
8517
8544
8500
8658
8664
8645
8662
8675
8658
8691
8716
8643
8751
8691
8684
8871
8750
8694
8825
8870
8768
8894
8840
8752
9031
9013
8941
8934
9033
8970
9115
8939
9056
9124
9074
9129
9158
9089
9073
9180
9136
9203
9214
9207
9187
9238
9276
9254
9242
9273
9356
9357
9430
9431
9521
9431
9500
9558
9552
9550
9694
9670
9680
9563
9646
9557
9750
9732
9721
9777
9787
9822
9852
9803
9846
9987
9878
9979
9991
