-4929
-4799
-4832
-4829
-4856
-4962
-4980
-4775
-4792
-4749
-4979
-4781
-4748
-4626
-4641
-4556
-4543
-4628
-4747
-4533
-4580
-4672
-4539
-4595
-4496
-4511
-4391
-4425
-4502
-4480
-4308
-4392
-4363
-4514
-4520
-4308
-4094
-4062
-4193
-4197
-4267
-4295
-4166
-4160
-4232
-4236
-4292
-4306
-4050
-3933
-3937
-3987
-3971
-4014
-3949
-4017
-3929
-3989
-4054
-3939
-3897
-3807
-3817
-3849
-3829
-3874
-3846
-3803
-3832
-3900
-3883
-3865
-3663
-3715
-3660
-3690
-3658
-3759
-3717
-3744
-3746
-3729
-3672
-3624
-3615
-3517
-3580
-3508
-3476
-3504
-3580
-3601
-3487
-3614
-3489
-3607
-3318
-3336
-3353
-3461
-3253
-3284
-3341
-3301
-3277
-3473
-3342
-3467
-3165
-3054
-3098
-3103
-3186
-3101
-3052
-3133
-3091
-3159
-3179
-3103
-2874
-2873
-3023
-3016
-3037
-3035
-2873
-2936
-3006
-2844
-2864
-2879
-2832
-2708
-2731
-2700
-2731
-2692
-2706
-2673
-2684
-2720
-2738
-2812
-2497
-2528
-2468
-2617
-2504
-2518
-2441
-2645
-2518
-2552
-2559
-2595
-2414
-2195
-2327
-2192
-2164
-2226
-2198
-2149
-2381
-2221
-2165
-2226
-2099
-2013
-1937
-2040
-2075
-1992
-2136
-2034
-2074
-2046
-1989
-2099
-1928
-1734
-1887
-1915
-1819
-1720
-1892
-1902
-1861
-1812
-1712
-1855
-1649
-1661
-1626
-1527
-1515
-1663
-1574
-1671
-1594
-1623
-1510
-1540
-1385
-1398
-1392
-1473
-1463
-1445
-1435
-1427
-1377
-1426
-1412
-1480
-1223
-1360
-1248
-1355
-1320
-1343
-1361
-1366
-1341
-1226
-1261
-1235
-1089
-1121
-1047
-1063
-1188
-1213
-1149
-1040
-1161
-1171
-1129
-1097
-960
-870
-939
-873
-919
-991
-819
-973
-965
-991
-982
-1037
-775
-748
-812
-713
-733
-758
-752
-785
-816
-704
-703
-807
-626
-685
-583
-570
-606
-615
-578
-657
-692
-597
-621
-652
-536
-516
-407
-543
-465
-433
-446
-557
-531
-434
-468
-369
-243
-241
-205
-234
-282
-163
-358
-325
-137
-321
-207
-300
-121
59
68
-82
-4
-7
-57
-130
-84
-89
-22
-95
110
181
131
212
112
219
134
182
152
187
113
157
369
262
329
260
326
366
369
323
250
277
255
354
463
373
405
509
384
444
374
496
524
518
493
423
650
526
709
531
547
550
566
660
703
587
589
702
788
774
755
869
814
725
766
720
808
872
717
797
894
985
895
999
915
974
952
876
994
927
936
994
1159
1064
1118
1076
1095
1001
1024
1070
1137
1039
1129
1144
1200
1267
1194
1163
1225
1237
1231
1163
1185
1284
1271
1203
1294
1333
1371
1340
1357
1337
1331
1423
1413
1299
1298
1381
1479
1538
1521
1427
1534
1531
1425
1450
1431
1548
1492
1483
1563
1623
1671
1564
1635
1563
1721
1551
1567
1597
1686
1700
1757
1730
1765
1726
1865
1727
1806
1798
1842
1847
1833
1851
1928
1886
1901
1952
1980
1890
2004
1918
1927
1901
2002
2011
2229
2151
2186
2199
2035
2170
2041
2027
2066
2106
2085
2121
2230
2271
2422
2473
2321
2403
2449
2340
2472
2253
2396
2468
2541
2559
2570
2497
2505
2616
2614
2548
2504
2591
2638
2617
2805
2650
2751
2645
2744
2710
2673
2811
2727
2698
2821
2689
3041
2875
2858
2826
2921
2995
2985
2976
2875
2940
2990
2961
3087
3072
3155
3121
3138
3136
3066
3075
3078
3136
3194
3123
3418
3202
3364
3380
3322
3344
3200
3285
3373
3322
3245
3321
3559
3495
3422
3510
3479
3592
3533
3605
3496
3500
3635
3584
3700
3706
3676
3654
3717
3776
3675
3823
3637
3700
3653
3794
3892
3958
3937
3955
3858
3965
3957
3904
3835
3909
3947
3956
4047
4039
4023
4078
4058
3973
4036
4135
4044
4096
3974
4068
4165
4200
4155
4165
4216
4141
4238
4176
4226
4273
4244
4213
4472
4421
4341
4321
4469
4349
4401
4342
4394
4296
4308
4364
4522
4503
4667
4548
4514
4638
4667
4496
4539
4625
4680
4556
4701
4828
4688
4768
4904
4820
4907
4801
4860
4762
4907
4680
5090
4978
4971
5011
4939
4994
4929
5091
5069
5078
4976
5085
5154
5144
5129
5137
5220
5145
5167
5172
5176
5161
5138
5204
5268
5319
5349
5290
5297
5238
5281
5252
5381
5263
5336
5274
5386
5495
5474
5445
5479
5461
5534
5457
5390
5432
5540
5434
5636
5588
5590
5607
5578
5639
5598
5600
5569
5616
5559
5575
5730
5744
5827
5652
5829
5753
5711
5714
5734
5830
5716
5708
5836
5861
5896
5913
5944
5893
5945
5831
5954
5946
5959
5947
5977
5988
6030
6106
5971
6122
6023
6049
6115
6071
6101
6068
6161
6182
6224
6218
6185
6154
6234
6143
6132
6159
6197
6220
6328
6368
6276
6265
6385
6370
6238
6333
6382
6396
6244
6263
6481
6516
6500
6402
6428
6510
6445
6497
6465
6445
6441
6402
6684
6671
6612
6615
6667
6590
6658
6646
6664
6522
6556
6641
6735
6715
6689
6696
6708
6822
6702
6700
6728
6841
6707
6774
6954
6955
6863
6911
6892
6906
6982
6910
6968
6992
6977
6922
7129
6996
7011
7138
7060
7064
6995
7049
7065
7141
7091
7105
7314
7220
7200
7151
7202
7288
7231
7215
7295
7221
7264
7243
7484
7410
7463
7325
7496
7485
7464
7509
7479
7500
7358
7391
7594
7582
7550
7544
7592
7545
7643
7509
7591
7549
7532
7539
7761
7763
7685
7723
7777
7652
7644
7774
7721
7694
7755
7765
7900
7915
7820
7877
7880
7861
7902
7891
7855
7908
7841
7835
8081
8094
8241
8264
7933
8020
7957
8172
8024
7934
8038
7959
8389
8357
8289
8342
8301
8346
8307
8348
8404
8305
8293
8304
8441
8517
8544
8547
8410
8459
8569
8434
8474
8527
8500
8470
8643
8684
8675
8694
8664
8645
8691
8691
8716
8658
8662
8658
8871
8752
8840
8825
8768
8894
8939
8941
8751
8870
8750
8934
9056
9073
9013
9115
9124
9129
9074
9033
9089
9031
8970
9136
9187
9356
9273
9203
9214
9207
9238
9242
9254
9158
9180
9276
9500
9552
9521
9550
9646
9558
9430
9563
9431
9431
9557
9357
9822
9680
9787
9803
9732
9721
9777
9846
9694
9852
9750
9670
9979
9878
9987
9991
