-4749
-4775
-4832
-4829
-4792
-4748
-4980
-4672
-4747
-4641
-4962
-4929
-4979
-4856
-4628
-4799
-4543
-4533
-4580
-4392
-4595
-4626
-4520
-4781
-4539
-4496
-4391
-4511
-4363
-4514
-4480
-4556
-4197
-4308
-4502
-4308
-4236
-4193
-4425
-4306
-4160
-4017
-4232
-4267
-4166
-4292
-4094
-4295
-4050
-4054
-3874
-4014
-4062
-3832
-3939
-3987
-3937
-3933
-3989
-3883
-3929
-3849
-3865
-3971
-3949
-3900
-3717
-3897
-3829
-3660
-3663
-3846
-3690
-3744
-3615
-3624
-3817
-3746
-3759
-3715
-3658
-3729
-3807
-3504
-3508
-3803
-3672
-3517
-3461
-3476
-3467
-3489
-3353
-3487
-3580
-3473
-3580
-3607
-3342
-3614
-3253
-3601
-3341
-3054
-3159
-3318
-3098
-3091
-3103
-3336
-3277
-3165
-3103
-3284
-3133
-2731
-3186
-3179
-3101
-3301
-3037
-2864
-3052
-3006
-2812
-2873
-2844
-2874
-2832
-2936
-3016
-2738
-2873
-3035
-3023
-2879
-2645
-2692
-2617
-2700
-2706
-2720
-2673
-2518
-2595
-2731
-2528
-2552
-2684
-2518
-2504
-2559
-2221
-2226
-2327
-2414
-2708
-2441
-2192
-2497
-2226
-2198
-2149
-2164
-2195
-2136
-2468
-2165
-2075
-1887
-2099
-2040
-1915
-2381
-1989
-1937
-1928
-1992
-2099
-2034
-2046
-1861
-2074
-1892
-1510
-1855
-1594
-2013
-1623
-1902
-1515
-1663
-1720
-1626
-1540
-1734
-1812
-1649
-1574
-1671
-1819
-1392
-1661
-1355
-1527
-1398
-1480
-1712
-1366
-1463
-1385
-1473
-1343
-1435
-1360
-1377
-1361
-1188
-1445
-1426
-1412
-1261
-1427
-1063
-1235
-1223
-1171
-1089
-1320
-1213
-1161
-1121
-1149
-1129
-1341
-1097
-1226
-965
-960
-1248
-873
-807
-1040
-991
-973
-819
-991
-939
-982
-1037
-812
-816
-1047
-919
-870
-606
-626
-652
-621
-785
-758
-703
-615
-752
-704
-748
-685
-713
-657
-692
-775
-733
-358
-465
-433
-516
-597
-570
-536
-468
-543
-446
-434
-583
-531
-578
-557
-369
-325
-84
-321
-95
-407
-82
-243
-300
-137
-234
-207
-121
-282
-163
-205
-89
68
113
112
-130
-241
-22
59
181
131
212
182
-57
134
-4
187
157
152
250
277
384
-7
110
405
326
255
262
260
369
219
373
329
366
463
550
354
374
323
518
660
369
526
509
493
566
589
524
547
650
869
531
496
444
703
717
587
423
702
709
720
797
872
808
876
766
788
894
774
814
985
1076
755
725
895
999
1024
952
1064
915
974
1001
1039
1095
1231
994
927
1070
936
994
1163
1237
1144
1129
1163
1200
1203
1194
1284
1185
1271
1267
1118
1159
1225
1137
1381
1357
1331
1431
1340
1337
1425
1479
1371
1299
1294
1427
1423
1298
1413
1450
1623
1521
1635
1671
1551
1333
1564
1538
1534
1597
1548
1567
1492
1563
1563
1686
1806
1847
1721
1531
1730
1483
1886
1865
1901
1726
1851
1700
1890
1765
1798
1727
1918
2002
2027
1833
1927
1757
1842
2121
1928
2106
2151
2011
2066
1901
1980
1952
2041
2004
2085
2472
2396
2468
2170
2035
2497
2340
2186
2321
2449
2473
2271
2403
2230
2422
2559
2229
2541
2698
2199
2253
2504
2650
2548
2616
2591
2614
2570
2617
2638
2875
2645
2673
2710
2995
2689
2505
2875
2744
2921
2985
2858
2805
2751
2821
2727
2811
2961
3075
2976
2826
2940
2990
3200
3138
3136
3245
3072
3066
3123
3136
3285
3087
3202
3121
3041
3194
3078
3155
3344
3380
3479
3321
3496
3584
3322
3500
3373
3533
3495
3510
3364
3322
3422
3418
3794
3592
3637
3675
3559
3717
3635
3706
3605
3654
3676
3776
3823
3858
3835
3700
3957
3965
3904
3700
3909
3974
3653
3892
3947
3955
3956
3973
4047
3937
4039
4023
4036
3958
4165
4238
4176
4044
4135
4096
4078
4216
4165
4141
4226
4200
4068
4213
4421
4155
4058
4273
4244
4342
4472
4514
4469
4308
4394
4296
4522
4349
4364
4321
4496
4539
4688
4341
4556
4503
4401
4860
4680
4828
4904
4667
4638
4768
4762
4548
4667
4820
4680
4801
5138
4625
5078
4701
4929
4978
4994
5129
4971
5085
5090
4907
5011
5091
4976
4939
4907
5069
5161
5137
5274
5167
5176
5238
5220
5204
5268
5281
5172
5144
5290
5252
5154
5297
5263
5145
5390
5432
5461
5445
5457
5540
5559
5386
5474
5319
5381
5349
5434
5495
5336
5479
5575
5636
5590
5714
5711
5588
5639
5534
5607
5600
5730
5578
5569
5716
5652
5708
5893
5598
5836
5753
5831
5734
5616
5947
5829
5744
5830
5827
5954
5945
5946
5913
5977
6068
5861
5896
5971
6122
5944
6030
6115
6143
6106
6049
6159
6101
6132
5988
6218
5959
6197
6185
6333
6023
6154
6071
6368
6234
6220
6265
6276
6263
6161
6244
6481
6224
6328
6428
6370
6182
6238
6465
6445
6445
6402
6500
6396
6516
6385
6382
6441
6402
6556
6671
6497
6510
6646
6522
6667
6641
6700
6664
6615
6702
6658
6707
6590
6922
6696
6708
6715
6612
6689
6684
6728
6977
6892
6906
6735
6822
6910
6841
6968
6955
6954
6982
6911
6774
6863
6992
7065
6995
7220
7202
7011
7215
7129
6996
7138
7105
7151
7049
7200
7064
7141
7060
7484
7314
7091
7264
7231
7463
7410
7288
7221
7496
7485
7391
7325
7479
7243
7295
7545
7358
7544
7464
7549
7594
7643
7582
7550
7652
7644
7532
7592
7539
7509
7500
7763
7820
7591
7509
7685
7694
7891
7861
7721
7877
7755
7841
7761
7765
7835
7774
7908
7723
8038
7777
7855
7959
7880
7902
8241
8020
7934
7900
8081
8289
7915
8094
8441
8024
8264
8172
8346
8348
7957
7933
8342
8357
8434
8389
8404
8301
8307
8304
8459
8569
8293
8410
8305
8474
8470
8500
8675
8517
8664
8684
8658
8643
8547
8662
8544
8691
8658
8527
8840
8645
8691
8694
8751
8970
8752
8716
8941
8750
9013
8871
9031
8825
9033
8939
8768
8870
8934
8894
9074
9214
9180
9073
9136
9187
9158
9238
9124
9115
9089
9207
9203
9056
9242
9129
9254
9431
9430
9552
9431
9273
9276
9357
9557
9646
9670
9500
9558
9563
9521
9550
9694
9777
9721
9732
9787
9356
9680
9750
9803
9878
9987
9846
9852
9822
9991
9979
