-4929
-4792
-4628
-4672
-4749
-4980
-4626
-4799
-4829
-4747
-4543
-4781
-4775
-4979
-4832
-4856
-4580
-4595
-4748
-4962
-4308
-4556
-4363
-4232
-4641
-4292
-4391
-4308
-4425
-4496
-4392
-4197
-4502
-4193
-4539
-4514
-4533
-4295
-4511
-4520
-4306
-4480
-4236
-3883
-4017
-4267
-3989
-3874
-3897
-3929
-4050
-4062
-3987
-3900
-3971
-3849
-4054
-4166
-4094
-3865
-3937
-3939
-3933
-4014
-3607
-4160
-3615
-3949
-3829
-3729
-3807
-3614
-3803
-3660
-3624
-3672
-3658
-3663
-3744
-3746
-3717
-3690
-3832
-3715
-3601
-3179
-3817
-3846
-3341
-3759
-3336
-3508
-3504
-3580
-3467
-3473
-3301
-3476
-3318
-3489
-3580
-3253
-3353
-3186
-3487
-3277
-3461
-3517
-3342
-3284
-2864
-3006
-3091
-3023
-3098
-2874
-2873
-3035
-3103
-3037
-3054
-2873
-3101
-3133
-3052
-2844
-3016
-2879
-3165
-3159
-2936
-2645
-2617
-3103
-2700
-2504
-2528
-2518
-2706
-2832
-2595
-2552
-2497
-2518
-2708
-2692
-2684
-2812
-2731
-2738
-2559
-2720
-2075
-2731
-2099
-2673
-2468
-2136
-2441
-2327
-2195
-2149
-2099
-2226
-2198
-2226
-2414
-2164
-2165
-2074
-2192
-2034
-2046
-2221
-2040
-1671
-1989
-2381
-1626
-1734
-1819
-1855
-1915
-1720
-1712
-1861
-1623
-1887
-1663
-1992
-1937
-2013
-1892
-1812
-1661
-1463
-1902
-1426
-1649
-1928
-1361
-1366
-1435
-1510
-1427
-1574
-1377
-1398
-1594
-1445
-1473
-1355
-1540
-1412
-1480
-1515
-1360
-1392
-1527
-1385
-1235
-1063
-1149
-1343
-1320
-1161
-1223
-1171
-1097
-1188
-991
-1121
-1213
-1226
-1248
-1037
-1129
-1040
-1089
-1261
-1341
-939
-1047
-775
-758
-982
-807
-973
-819
-748
-991
-713
-960
-965
-870
-733
-812
-703
-873
-785
-816
-685
-704
-752
-919
-583
-692
-597
-531
-615
-557
-468
-621
-626
-516
-543
-465
-606
-657
-434
-652
-433
-446
-536
-121
-578
-570
-241
-358
-137
-321
-300
-89
-407
-22
-369
-325
-282
-163
-84
-243
-130
-207
-82
-234
-57
212
-95
152
-205
112
-4
59
250
110
181
182
187
157
277
131
262
68
219
260
113
323
-7
134
255
518
493
423
405
354
463
509
329
526
444
366
369
384
531
547
373
550
326
524
369
496
725
660
797
374
709
894
876
872
774
717
788
589
755
703
650
814
720
808
766
1095
587
566
702
1064
869
994
1144
1039
895
915
1137
1159
1129
994
952
1118
1001
936
1076
1024
985
927
974
1225
999
1294
1070
1337
1284
1381
1200
1271
1237
1163
1194
1340
1203
1298
1231
1371
1185
1299
1333
1331
1267
1483
1423
1163
1357
1548
1427
1413
1531
1534
1597
1492
1623
1450
1479
1425
1563
1521
1564
1563
1431
1635
1538
1551
1567
1730
1686
1833
1727
1901
1700
1927
1757
1798
1865
1806
1890
1726
1851
1847
1901
1671
1918
1886
1842
1980
1721
2186
2011
1765
2027
2002
2035
2253
1928
2085
2106
2041
2066
2230
2170
2121
2271
1952
2151
2541
2321
2199
2229
2004
2645
2559
2403
2616
2449
2505
2340
2617
2570
2473
2472
2650
2468
2422
2638
2591
2614
2396
2497
2548
2940
2504
3041
2821
2811
2826
2858
2698
2995
2673
2751
2710
2875
2875
2727
2689
2961
2990
2805
2976
2985
3078
3200
2921
2744
3155
3194
3123
3344
3202
3245
3364
3322
3321
3121
3136
3066
3136
3285
3075
3138
3373
3072
3322
3087
3653
3700
3584
3700
3675
3422
3418
3654
3559
3380
3592
3706
3479
3637
3500
3533
3676
3635
3496
3495
3937
3794
3776
3605
3717
3510
3835
3858
3892
3974
3973
3909
4039
3823
3947
4044
3956
3955
4036
4023
3965
3904
4213
3957
3958
4200
4135
4096
4341
4176
4244
4078
4058
4068
4308
4047
4216
4155
4165
4273
4226
4321
4165
4141
4296
4238
4688
4638
4469
4548
4401
4680
4364
4503
4522
4625
4349
4680
4342
4556
4539
4667
4472
4514
4394
5085
4421
4904
4496
4667
5091
4994
5090
4939
4907
5078
4820
4860
4971
4762
4976
4701
4801
4907
5069
5011
4768
4978
4929
4828
5238
5167
5281
5204
5268
5252
5137
5176
5336
5263
5220
5145
5172
5319
5297
5290
5138
5274
5154
5161
5457
5559
5144
5432
5129
5445
5349
5479
5590
5588
5386
5390
5474
5575
5381
5534
5434
5569
5461
5540
5495
5598
5578
5600
5753
5730
5636
5716
5639
5708
5616
5831
5652
5913
5893
5714
5711
5836
5734
5830
5829
5827
5896
5861
5945
5744
5607
5988
6068
5971
6132
5947
6122
6023
6101
6049
6030
5946
5977
6115
5954
6071
6106
5959
5944
6154
6143
6370
6263
6159
6333
6224
6385
6382
6276
6218
6368
6238
6197
6185
6402
6161
6220
6402
6234
6182
6328
6265
6396
6244
6445
6615
6500
6497
6522
6516
6667
6658
6445
6671
6641
6441
6664
6684
6646
6428
6510
6612
6556
6465
6696
6977
6590
6822
6481
6708
6735
6910
6863
6728
6906
6968
6700
6715
6922
6911
6707
6955
6954
6774
7064
6702
6841
6892
6689
6995
7011
6982
7138
7243
7231
7220
7049
7091
7065
7221
7141
7105
7202
6996
7200
6992
7215
7151
7129
7509
7060
7545
7484
7314
7391
7410
7288
7464
7479
7463
7496
7485
7358
7532
7264
7549
7544
7325
7820
7539
7694
7509
7500
7295
7685
7582
7761
7592
7777
7835
7721
7765
7774
7755
7644
7855
7763
7652
7591
7550
7643
7723
7594
7841
8024
8293
7900
8241
7957
7902
8289
8020
8038
7861
7933
7880
8094
8264
7915
7908
8172
7877
8081
7934
8389
7891
8305
8434
8569
7959
8470
8304
8346
8500
8547
8342
8348
8517
8459
8307
8527
8544
8441
8404
8301
8474
8410
8662
8357
8691
8691
8694
8643
8751
8716
8894
8934
8658
8750
8658
8870
8768
8840
8645
8664
8825
8752
8871
9073
8684
8675
9033
9203
8970
8941
9136
9187
9089
9056
9124
9013
9074
9214
9242
9158
9129
9115
8939
9180
9207
9563
9680
9031
9238
9356
9273
9500
9550
9557
9558
9694
9254
9521
9357
9732
9670
9750
9721
9552
9430
9276
9646
9431
9431
9846
9822
9803
9787
9979
9777
9991
9878
9987
9852
