50
0 26.3 28
1 29.9 28 2 3
2 21.0 1 23
3 43.7 1 21 48 27 42 49
4 6.9 14 22 46
5 38.8 21 33
6 12.9 21 16 34
7 2.8 21 13
8 2.6 14 9 29
9 13.2 8 17
10 9.2 48 19
11 38.4 29
12 15.1 44
13 17.6 7 18
14 12.5 28 8 44 4
15 10.3 44
16 35.9 6
17 13.5 9 20 26
18 27.0 13 36 37
19 6.3 10 41
20 49.4 17 35
21 4.7 3 6 7 5 32
22 27.2 4 31
23 36.1 2 40
24 16.0 29
25 4.0 44
26 46.1 17 30 38
27 1.7 3
28 13.7 1 14 0 43
29 10.3 8 24 11
30 28.0 26 39 45
31 18.2 22
32 28.7 21
33 29.6 5
34 16.5 6
35 27.8 20
36 5.7 18
37 24.0 18 47
38 11.6 26
39 28.4 30
40 29.8 23
41 45.6 19
42 33.2 3
43 14.9 28
44 25.6 14 15 25 12
45 22.0 30
46 41.7 4
47 5.7 37
48 25.6 3 10
49 18.3 3
