500
0 174.8 4 2 3 23 443 248 24 27 31 98 148 472 335 390 463
1 317.5 4
2 96.1 0 50 53 126 344
3 473.3 0 49 412
4 110.0 0 1 205 154 206 217
5 210.1 483 6
6 164.5 5 167
7 107.7 23 89 212 386 441
8 409.6 316
9 405.6 443 116 39
10 262.1 61 20
11 94.1 23
12 481.2 76 138 191
13 343.5 314
14 417.0 81 452
15 19.8 154 38 60 392 182
16 211.0 316 79 74 78 149
17 400.2 205 55 303
18 145.8 146 64 179
19 383.8 154 51 331
20 92.6 10 30 57 21
21 382.4 20 256 420
22 295.5 248
23 492.7 0 316 11 81 7 34 42 345 157
24 164.1 0 304 72 159
25 414.3 206
26 244.3 81 28 59 201 366
27 148.3 0 36 45
28 194.7 26 37 364
29 101.9 79 129 378
30 169.8 20 69 128
31 178.3 0 151 461
32 475.7 217 470
33 9.8 314 40 46 113 62
34 408.4 23 272 269 233 453
35 263.5 59 312 350 361
36 245.7 27 143 411
37 377.1 28 140 147
38 176.0 15 109 52
39 202.0 9 209
40 347.2 33 118
41 273.3 79 402
42 228.0 23 130 173 289 466
43 18.3 345
44 83.3 304
45 189.5 27 334
46 487.5 33 54 83 92 227 290
47 62.1 81 184 221 238
48 12.6 113
49 468.9 3 96 469
50 469.6 2 176 423 218
51 370.1 19 150 211
52 261.3 38 181
53 17.5 2 111 177
54 255.1 46 108 379
55 295.4 17 223 360
56 201.0 314
57 306.8 20
58 183.0 318 169 91
59 115.4 26 318 35
60 275.4 15
61 135.4 443 10 325 192 267 369 486
62 467.6 33 112 121 199 214
63 46.2 273
64 441.7 18 102
65 191.4 316 438 90 93 115 281 232 257 455 417
66 307.6 433
67 425.1 113 95
68 346.8 301
69 307.0 30
70 287.4 154 71 120 309
71 48.9 70 77 216 300
72 405.1 24 125 428
73 236.0 217
74 231.7 16
75 181.2 467 213
76 188.6 205 12 268
77 431.9 71 153 187 376 311 339 409 477
78 427.4 16 117 321 324 457
79 223.9 16 41 29 84 384
80 279.7 84 374 219 237
81 289.4 23 26 47 14
82 326.6 273 254 437
83 202.4 46 180 260 271 337 368
84 134.4 79 80
85 37.3 443
86 177.9 438
87 153.8 92
88 340.5 223
89 324.5 7
90 287.8 65
91 69.9 58 294
92 393.6 46 87 99 286 429 492 479
93 99.1 65 101 104 393 200
94 49.1 120 168 403
95 85.1 67 253 414 488 493
96 210.0 49 406
97 250.4 157
98 448.0 0
99 259.3 92 114 258 397
100 245.0 151
101 198.4 93 328 450
102 212.4 64
103 17.6 160
104 342.0 93 164 297
105 198.4 227
106 489.5 402
107 413.2 364
108 200.0 54 133
109 109.3 38 141 332 413
110 277.2 433
111 382.5 53 400 136 203 278 375
112 396.9 62 448 473
113 112.4 33 67 301 48 202
114 262.0 99 478 333 388
115 126.4 65
116 314.6 9 287 421
117 217.8 78 144 145 497 277
118 329.2 40
119 269.4 281
120 278.5 70 94 183
121 286.4 62 134
122 55.9 374
123 177.3 318
124 353.8 393
125 262.1 72
126 381.7 2 156 449
127 164.1 160 315
128 194.7 30 365
129 168.1 29 288
130 224.1 42
131 494.0 222 283
132 463.2 169 175 263 308 419
133 69.6 108 266
134 128.3 121 240
135 109.4 400
136 306.5 111 142
137 21.0 272 320
138 442.9 12 341
139 171.5 323 210 471
140 461.3 37
141 165.7 109 228 367
142 45.0 136 270 475
143 80.0 36 357
144 39.9 117 299
145 167.5 117 229
146 395.7 316 18 481
147 175.6 37
148 152.9 0 152 188 302 208
149 233.3 16 496
150 444.0 51
151 230.6 31 100 189 385
152 216.3 148 252
153 422.1 77 322 474
154 260.7 4 19 15 70 155
155 438.5 154 185 285 424
156 304.5 126 354
157 287.7 23 97 359
158 51.4 428
159 136.0 24
160 384.2 316 127 103
161 448.8 321
162 362.5 314
163 398.8 365
164 366.4 104
165 371.8 481
166 187.1 392
167 85.2 6
168 38.0 94
169 308.1 58 132 330
170 188.6 297
171 230.1 272
172 142.0 345 389
173 39.6 42 462
174 324.3 400 371 444
175 303.8 132
176 277.0 50 338 464
177 4.3 53 274
178 75.2 325
179 283.5 18
180 199.3 83 355
181 414.2 52 468
182 350.2 15
183 167.2 120
184 118.5 47 194 279
185 378.8 155
186 20.5 423
187 464.9 77
188 478.4 148 293
189 389.8 151
190 449.2 256 326 396
191 74.2 12
192 467.3 61 196 243
193 488.6 324
194 240.0 184
195 426.9 302 313
196 36.9 192 358
197 429.8 203 220 226 247
198 370.5 269
199 57.5 62
200 285.2 93
201 79.6 26
202 431.4 113
203 485.8 111 197
204 251.6 227 282
205 431.7 4 483 76 17 273
206 258.2 4 25
207 81.6 286 391 456
208 229.0 148
209 315.6 39
210 146.3 139 265
211 244.7 51 224 291
212 101.8 7 439
213 117.7 75 295
214 312.0 62
215 287.9 472
216 358.7 71
217 274.8 4 73 32 446
218 304.0 50
219 389.3 80
220 46.8 197 276
221 281.7 47
222 54.6 304 131 408
223 253.6 55 88
224 312.8 211 310 447
225 257.7 279 454
226 252.6 197 241 362 404
227 299.8 46 204 105 280
228 346.6 141
229 246.1 145
230 82.2 342
231 85.6 478
232 316.9 65 498
233 69.1 34
234 360.8 330
235 484.5 260
236 65.5 240
237 385.2 80
238 383.0 47 436
239 183.5 468
240 49.3 134 236
241 28.8 226 432 487
242 379.9 314
243 103.1 192 426
244 27.0 384
245 321.1 301 336 499
246 41.3 288
247 384.3 197
248 442.1 0 433 22
249 144.0 269
250 1.4 334 405
251 413.9 497
252 377.8 152 372
253 252.7 95
254 336.0 82
255 478.0 376
256 143.4 21 190 307
257 240.8 65 296
258 90.7 99
259 440.2 286
260 25.2 83 235
261 199.7 428
262 165.7 355
263 77.0 132 363
264 54.3 289
265 438.6 210
266 21.1 133 343
267 483.5 61 370
268 129.5 76
269 301.6 34 249 198
270 86.4 142
271 141.0 83 495
272 59.0 34 171 137 451
273 216.5 205 82 63 415
274 292.4 177
275 22.9 343
276 316.8 220
277 133.4 117 329
278 247.7 111
279 124.3 184 225 306
280 459.9 227
281 315.7 65 119
282 163.2 204
283 211.3 131
284 481.6 286
285 54.7 155
286 326.1 92 259 284 207
287 326.7 116 346
288 199.7 129 246 494
289 388.3 42 264
290 29.1 46 323
291 246.4 211
292 274.4 415 416
293 393.1 188 356
294 123.5 91
295 197.1 213
296 433.8 257 394
297 20.8 104 170
298 374.6 423
299 316.5 144 418
300 315.4 71
301 278.1 113 245 68 327
302 372.2 148 195 489
303 70.8 17 467
304 292.8 24 222 44
305 377.7 371
306 274.4 279 425 430
307 154.0 256
308 227.6 132
309 381.6 70
310 66.4 224 485
311 497.5 77 407
312 200.1 35
313 449.4 195
314 239.6 483 33 56 162 242 13
315 392.9 127
316 417.0 23 16 146 65 160 342 8
317 393.4 462
318 170.1 59 58 123
319 80.0 455
320 176.3 137
321 243.2 78 161 410
322 11.5 153
323 113.0 290 139
324 129.6 78 193
325 290.7 61 178
326 369.5 190
327 306.2 301 387
328 256.7 101
329 462.6 277
330 396.3 169 234
331 498.7 19
332 238.2 109
333 328.5 114 380 465
334 155.7 45 250
335 20.1 0
336 233.4 245 395
337 2.4 83
338 17.1 176 351
339 220.8 77
340 332.3 421
341 397.6 138
342 395.5 316 230 458
343 484.3 266 275
344 199.2 2
345 228.6 23 172 43
346 451.7 287 491
347 212.6 443
348 185.0 457
349 166.2 392
350 41.7 35
351 324.9 338
352 475.5 357
353 427.5 443
354 297.3 156
355 150.5 180 262 460
356 8.4 293
357 95.0 143 352
358 451.1 196
359 252.9 157
360 133.6 55
361 271.3 35
362 439.7 226 442 476
363 447.8 263
364 441.3 28 107
365 16.8 128 163
366 82.5 26
367 267.2 141
368 45.6 83 398
369 109.3 61 383
370 438.1 267
371 459.0 174 305 373
372 240.8 252
373 151.0 371
374 110.2 80 122
375 152.4 111 484
376 85.2 77 255
377 310.7 380
378 436.6 29
379 54.2 54
380 352.3 333 377
381 393.0 397
382 401.0 478
383 228.9 369
384 242.0 79 244
385 42.5 151
386 85.5 7 422
387 54.8 327
388 320.3 114
389 38.8 172
390 19.4 0
391 473.9 207
392 413.6 15 349 166
393 316.3 93 124
394 128.2 296
395 124.4 336
396 54.6 190 431
397 471.6 99 381
398 462.4 368 434
399 371.2 447
400 76.4 111 174 135
401 1.3 408
402 441.0 41 106
403 462.9 94
404 178.4 226
405 217.8 250
406 286.8 96
407 152.2 311
408 438.7 222 401
409 481.7 77
410 257.4 321
411 357.9 36
412 304.6 3
413 60.9 109
414 451.0 95
415 239.3 273 292
416 334.0 292
417 428.0 65
418 429.6 299
419 318.6 132
420 89.1 21
421 304.2 116 340
422 8.0 386 480
423 289.9 50 298 186
424 442.7 155
425 258.1 306
426 362.2 243
427 153.4 463
428 291.6 72 261 158
429 496.5 92 490
430 103.4 306
431 80.7 396 482
432 448.2 241
433 181.4 248 110 66
434 393.5 398
435 352.6 470
436 417.7 238
437 138.8 82
438 59.6 65 86
439 445.7 212
440 469.1 487
441 443.3 7
442 250.9 362
443 13.9 0 61 9 85 347 353
444 5.0 174
445 360.7 465
446 147.0 217
447 447.9 224 399
448 338.2 112
449 413.0 126
450 83.2 101
451 183.7 272
452 341.3 14
453 56.8 34
454 284.9 225
455 175.4 65 319
456 113.2 207
457 108.1 78 348
458 409.6 342
459 61.2 492
460 193.8 355
461 205.5 31
462 37.3 173 317
463 7.1 0 427
464 28.4 176
465 302.7 333 445
466 363.1 42
467 344.6 303 75
468 294.0 181 239
469 70.8 49
470 343.0 32 435
471 73.5 139
472 142.1 0 215
473 75.6 112
474 77.1 153
475 293.7 142
476 79.9 362
477 238.8 77
478 30.4 114 382 231
479 212.7 92
480 472.6 422
481 252.6 146 165
482 265.5 431
483 299.8 205 314 5
484 85.6 375
485 460.3 310
486 449.3 61
487 416.4 241 440
488 379.4 95
489 152.9 302
490 226.6 429
491 432.9 346
492 468.6 92 459
493 53.5 95
494 439.0 288
495 119.8 271
496 454.6 149
497 46.1 117 251
498 425.3 232
499 446.8 245
