250
0 214.0 11 2 68 21 40 116 132
1 217.5 11 26 45 191
2 4.3 0 5 18 41 138
3 70.6 11 6 30 32 82
4 215.2 8 27 149 78 246
5 26.4 2 58 105
6 24.0 3 9 19 95
7 148.9 13 88 213
8 155.0 11 4 35 136
9 138.4 6 14 15 48 198
10 239.2 11 22 37
11 179.1 0 3 8 13 10 1 203 49 118
12 113.7 25 142 177 227
13 63.0 11 25 7 54 38 63
14 122.4 9 189 43 50 56 66 108 230 207
15 122.6 9 162 67
16 121.1 203
17 55.9 68
18 137.5 2 188
19 120.2 6 75 36 64 157 215
20 118.7 75 77 243
21 68.8 0 223 139
22 210.0 10 125 140 178
23 150.4 35 72 126
24 210.9 54
25 104.5 13 12 33
26 228.7 1 151
27 40.2 4 52
28 28.6 162
29 34.8 189
30 98.8 3 55 102 103 235
31 156.8 58
32 34.2 3 59 117 186
33 118.1 25
34 89.2 223
35 135.5 8 23 210
36 159.0 19 129
37 182.8 10 47 69 135
38 242.4 13 74
39 223.7 43
40 54.7 0
41 230.9 2
42 189.0 149
43 0.0 14 39 170
44 59.5 68 53 94
45 150.9 1 147 165 195 221 234 238
46 160.4 125
47 236.0 37
48 201.2 9 65 100 107
49 219.8 11 169
50 22.8 14 70 80 181 231
51 181.3 118
52 178.7 27
53 182.6 44 61 204
54 129.9 13 24 57 79
55 203.7 30 60 156
56 138.0 14
57 245.0 54
58 241.0 5 31 76
59 196.2 32 90 161
60 148.7 55
61 22.8 53 159
62 2.0 198 222
63 9.7 13 216 128
64 221.7 19 131 160
65 136.0 48
66 177.7 14
67 92.6 15 83 143
68 74.7 0 44 17 89
69 162.0 37 137 96 113
70 121.4 50
71 27.2 204
72 142.9 23 92
73 241.5 137
74 217.1 38 85
75 177.0 19 20 106 133
76 104.8 58 173 218
77 182.9 20 97 175
78 94.1 4 93 179
79 149.4 54 84
80 45.7 50 91
81 127.7 216 247
82 223.5 3 112
83 36.9 67
84 21.9 79 236 239
85 16.9 74 120
86 157.8 172
87 131.3 223 99
88 187.2 7 145 122 123
89 102.1 68 154
90 136.4 59
91 71.3 80 109
92 152.8 72 119
93 229.5 78 214
94 144.7 44 185
95 165.8 6 104
96 209.6 69
97 232.0 77
98 121.1 145
99 152.7 87
100 85.2 48 232
101 185.3 120
102 64.6 30
103 168.9 30 184
104 110.4 95
105 227.1 5 168
106 50.2 75
107 74.3 48 115
108 235.8 14
109 238.3 91
110 99.1 198 152 187
111 199.4 170
112 188.2 82 167 205
113 53.8 69 199
114 235.7 150
115 90.3 107
116 154.4 0
117 89.7 32
118 46.6 11 51
119 165.3 92 127
120 100.1 85 101
121 156.9 198 124
122 75.8 88
123 67.5 88
124 157.0 121 144 164 202
125 244.2 22 46 155
126 180.6 23 217
127 77.1 119
128 207.1 63
129 115.7 36
130 227.6 198 183 219
131 204.2 64
132 35.2 0
133 77.6 75 233
134 161.2 246
135 249.3 37
136 112.7 8
137 19.2 69 73 240
138 229.1 2 192 226
139 203.9 21
140 124.4 22
141 238.0 186
142 177.5 12
143 163.2 67
144 207.9 124 197
145 243.2 88 98
146 237.4 183
147 151.3 45
148 149.7 206
149 231.5 4 42
150 170.8 198 114
151 188.4 26
152 183.9 110
153 125.8 198
154 32.6 89 163
155 224.4 125
156 131.2 55 248
157 176.5 19
158 77.1 186 176
159 119.5 61
160 11.0 64 249
161 207.2 59 245
162 78.5 15 28 211
163 233.7 154
164 164.5 124
165 77.6 45 209
166 111.7 237
167 22.3 112
168 205.9 105 190
169 74.9 49 208
170 205.2 43 111
171 180.2 186
172 23.2 223 86
173 40.2 76
174 173.3 178 225
175 54.7 77
176 144.0 158 229
177 211.8 12 180
178 198.9 22 174 200 228
179 244.1 78
180 61.0 177
181 32.4 50
182 178.1 230
183 13.5 130 146
184 102.8 103 212
185 31.6 94
186 4.6 32 158 171 141 194
187 79.6 110
188 209.4 18
189 176.6 14 237 29
190 31.4 168
191 232.1 1
192 179.0 138
193 159.1 243
194 71.1 186
195 229.9 45
196 16.2 209
197 89.2 144 241
198 169.8 9 110 150 121 130 153 62
199 7.7 113 242 244
200 116.2 178
201 79.6 225
202 153.5 124
203 198.8 11 16
204 56.5 53 71
205 103.1 112
206 89.3 246 148
207 234.2 14
208 214.6 169
209 226.6 165 196
210 52.1 35
211 64.1 162
212 62.7 184
213 125.2 7
214 226.2 93
215 51.2 19
216 188.5 63 81
217 208.7 126
218 130.8 76
219 153.6 130
220 126.3 240
221 106.3 45 224
222 119.9 62
223 60.1 21 172 87 34
224 23.3 221
225 128.4 174 201
226 101.0 138
227 226.1 12
228 0.0 178
229 146.6 176
230 5.4 14 182
231 39.4 50
232 7.3 100
233 87.1 133
234 171.4 45
235 222.4 30
236 9.8 84
237 107.3 189 166
238 180.7 45
239 144.7 84
240 53.6 137 220
241 99.9 197
242 60.6 199
243 181.9 20 193
244 204.8 199
245 155.6 161
246 118.9 4 206 134
247 135.6 81
248 116.7 156
249 203.2 160
