200
0 77.9 1 2 4 125 33 161 195
1 54.3 0 3 22 166
2 195.2 0 179 10 87 35 160
3 70.3 1 85
4 154.0 0 8 93
5 0.9 125 19 72 115 15 157
6 131.3 179 77
7 11.6 8 81 181 121 177
8 159.1 4 7 12 86
9 95.4 179
10 26.8 2 113 54
11 175.8 75 91
12 198.3 8 13 48 20 26 50 56
13 1.2 12 17 79 123 151
14 87.7 48 186
15 69.0 5 116
16 120.4 179 69 65 178 101
17 180.3 13 136
18 39.1 48 24 119 142 192
19 66.6 5 28 107 44 51 106
20 87.6 12 21 23 40 83 98
21 160.5 20 80 94
22 120.4 1 25 193 43
23 60.2 20 32 100 149
24 17.0 18
25 30.6 22 117 147
26 29.6 12 57
27 21.0 33 122 36 61 165 139
28 93.8 19 82
29 78.4 87 138
30 109.4 35 60 159 154
31 54.4 81 183 174
32 61.1 23 62 63 68 162
33 151.1 0 27 53
34 45.2 122 134
35 174.1 2 30 95
36 122.3 27 197
37 59.2 85
38 121.8 113 45
39 37.2 48
40 6.4 20 155
41 16.7 107
42 8.0 193
43 184.3 22 169
44 67.4 19 111 150
45 5.8 38 74 46
46 46.8 45
47 109.0 81
48 99.3 12 18 39 14 171
49 78.1 60 167
50 160.4 12
51 122.4 19 67 104 110 173
52 95.1 69
53 114.7 33
54 153.1 10 55 143
55 34.4 54 187
56 77.9 12 73
57 38.6 26 188
58 52.9 95 105 176
59 117.3 99
60 74.4 30 49
61 86.5 27
62 9.1 32
63 198.6 32 114
64 76.9 119
65 156.8 16
66 32.4 96 170
67 149.1 51 76 126
68 112.9 32
69 141.8 16 52
70 40.2 81
71 173.9 81
72 95.8 5
73 78.8 56
74 155.4 45 109 153
75 141.3 125 11 152
76 188.4 67 112 137
77 82.1 6 172 164
78 67.8 178
79 39.6 13
80 160.2 21 88
81 197.3 7 47 99 96 70 71 31
82 5.4 28 135
83 66.7 20
84 120.7 125
85 40.6 3 37 92
86 20.3 8 102
87 93.0 2 29 191
88 167.9 80 199
89 24.3 136
90 67.2 183
91 158.9 11
92 58.2 85
93 133.5 4
94 140.2 21
95 147.2 35 58
96 61.0 81 66 182
97 194.0 159
98 73.8 20
99 134.3 81 59
100 93.7 23 140
101 125.6 16
102 93.7 86
103 57.1 136
104 54.3 51
105 169.5 58
106 18.4 19 141
107 81.4 19 41 128 198
108 15.7 136
109 90.3 74
110 137.6 51
111 10.4 44
112 38.4 76
113 99.4 10 38
114 148.4 63 145
115 142.9 5
116 67.7 15
117 187.7 25 120 131
118 17.4 181
119 151.0 18 64
120 154.1 117
121 44.7 7
122 35.9 27 34
123 168.9 13
124 175.0 136 132
125 138.0 0 75 5 84 146
126 64.9 67
127 168.9 165
128 132.4 107
129 97.7 183
130 176.4 145 163
131 26.9 117
132 5.5 124
133 146.6 134
134 168.9 34 133 175
135 19.7 82
136 123.9 17 103 108 124 89
137 10.9 76
138 12.3 29
139 127.8 27
140 2.1 100 158
141 78.8 106
142 151.5 18 190
143 77.3 54
144 162.0 175
145 43.9 114 130 148 184
146 45.5 125
147 110.8 25
148 9.2 145
149 53.7 23
150 91.5 44
151 185.2 13
152 75.0 75 185
153 50.7 74
154 35.3 30
155 53.8 40
156 38.3 160
157 29.8 5
158 120.9 140
159 13.9 30 97
160 103.7 2 156
161 168.3 0
162 107.2 32
163 85.9 130
164 120.8 77
165 25.8 27 127 196
166 67.5 1
167 160.9 49
168 108.9 196
169 113.4 43
170 29.8 66
171 6.6 48
172 123.5 77
173 183.4 51
174 197.5 31 180
175 165.8 134 144
176 62.2 58
177 195.2 7
178 139.7 16 78
179 58.8 2 9 16 6
180 189.3 174
181 165.1 7 118
182 47.7 96
183 25.9 31 129 90
184 114.6 145 189 194
185 98.6 152
186 199.5 14
187 28.1 55
188 119.4 57
189 7.1 184
190 127.4 142
191 71.2 87
192 76.4 18
193 133.6 22 42
194 22.2 184
195 4.6 0
196 151.4 165 168
197 103.3 36
198 154.1 107
199 88.6 88
