150
0 72.6 1 2 32 39
1 80.7 0 4 5 25
2 102.6 0 3 135 7 9 19 55 130
3 135.1 2 10 141 37 110
4 35.4 1 13 17 18 113 100
5 13.5 1 85 81 58
6 66.9 135
7 71.3 2 11
8 108.9 10 12 79
9 10.8 2 15 35 40 38 97
10 26.8 3 8 26 144
11 110.8 7 16
12 129.4 8
13 112.1 4 103 33 104 120
14 17.0 103
15 146.3 9
16 131.2 11 31 111 94
17 64.9 4 30 41 107
18 77.7 4 20 51 59 128
19 132.4 2 34 42 75 129
20 55.2 18 29
21 52.3 141
22 76.4 79
23 131.0 79 105
24 139.8 33
25 90.1 1 80 98 123
26 62.0 10 28
27 77.1 103
28 32.4 26 87 127
29 57.5 20 46 50 60
30 17.8 17 56 86
31 86.5 16 92 112 149
32 112.7 0
33 135.2 13 24
34 142.1 19
35 121.0 9 146 147
36 45.2 40 142 101 139
37 11.6 3 89
38 36.3 9 116 62
39 10.1 0 125
40 145.5 9 36 118
41 116.1 17
42 89.7 19 61 134
43 131.2 135 54
44 126.5 85
45 123.4 111
46 122.3 29 109 114
47 118.2 81
48 77.8 116
49 28.9 55
50 136.8 29 148
51 83.6 18
52 7.9 130
53 66.9 57
54 104.8 43 136
55 101.9 2 49
56 129.8 30 65
57 68.6 79 53
58 126.0 5 70
59 79.5 18 64 132
60 130.5 29
61 131.6 42 78 122 145
62 119.4 38
63 118.3 113
64 126.9 59
65 65.8 56 67 99
66 28.2 70
67 28.5 65
68 99.3 141
69 60.6 85
70 99.1 58 66 88 137
71 121.9 125
72 82.4 125
73 25.7 142
74 103.6 146
75 76.4 19
76 59.1 100 131
77 45.9 87
78 56.8 61
79 37.8 8 23 57 22 93
80 8.0 25 91 124
81 117.0 5 47
82 70.7 132
83 129.9 91
84 9.4 93
85 65.1 5 69 44
86 41.3 30
87 140.3 28 77
88 72.5 70
89 120.7 37
90 44.6 141 115 140
91 107.1 80 83
92 47.4 31 96
93 56.3 79 84 121
94 146.0 16 108
95 144.1 126
96 105.2 92
97 22.4 9
98 51.2 25
99 40.8 65
100 45.2 4 76
101 86.2 36
102 117.1 110
103 50.9 13 27 14
104 17.7 13
105 119.3 23
106 24.8 120
107 64.4 17
108 142.1 94
109 93.8 46
110 46.4 3 102
111 34.1 16 45
112 40.1 31
113 66.1 4 63
114 18.2 46
115 56.9 90
116 62.0 38 48
117 91.5 122
118 51.6 40
119 78.5 122
120 116.1 13 106
121 7.0 93
122 135.4 61 119 117
123 73.0 25
124 79.6 80
125 60.6 39 72 71
126 147.3 135 95
127 71.3 28
128 137.1 18
129 111.2 19 133
130 137.3 2 52
131 21.0 76
132 129.0 59 82
133 14.8 129
134 124.4 42
135 84.2 2 43 126 6
136 101.8 54
137 132.3 70 138
138 72.5 137
139 86.7 36
140 48.7 90
141 34.4 3 68 90 21 143
142 132.0 36 73
143 44.7 141
144 147.9 10
145 34.2 61
146 14.0 35 74
147 51.5 35
148 62.1 50
149 6.4 31
