100
0 28.7 1 3 5 69 8 15 23 38 45 83
1 58.0 0 2 12 32 51
2 55.2 1 7 10 14 77
3 92.9 0 24 68 97
4 25.6 12 25 59 87
5 84.5 0 84 18
6 14.2 69
7 57.2 2 13 76
8 32.7 0
9 6.1 84
10 60.6 2 11 35 56
11 61.2 10 21
12 4.9 1 4 37 66
13 54.4 7 26 20 98
14 57.1 2 85 30 48
15 65.6 0 99
16 78.0 26 47
17 85.2 85
18 10.8 5 39 40 65
19 70.2 26
20 75.2 13
21 68.5 11 54 60
22 33.4 37 88 96
23 66.6 0 36 94
24 8.1 3 27
25 51.0 4 50 64 86
26 93.5 13 19 16 31
27 24.6 24 80 93
28 34.6 59
29 95.4 69 43
30 90.8 14 67
31 84.9 26
32 90.5 1
33 42.3 80
34 38.5 59 95
35 43.5 10 61
36 35.0 23
37 15.6 12 22
38 53.4 0 53 73
39 86.0 18 62 63 89
40 37.6 18
41 38.9 70
42 91.5 99
43 64.2 29
44 72.1 84 49
45 89.6 0
46 20.9 81
47 64.9 16
48 63.4 14 58 75 90
49 53.0 44
50 73.1 25 74
51 40.2 1
52 64.0 88
53 92.5 38
54 0.2 21
55 1.4 85
56 75.2 10
57 19.6 87
58 11.7 48
59 10.0 4 34 28
60 29.2 21
61 93.3 35
62 34.5 39 72
63 23.5 39
64 10.9 25
65 98.1 18 71
66 42.2 12 91 92
67 4.9 30 78
68 88.0 3
69 88.7 0 29 6
70 42.6 84 41
71 14.1 65
72 34.8 62 79
73 63.8 38
74 42.4 50
75 70.8 48
76 70.4 7
77 89.4 2
78 80.6 67
79 88.3 72
80 10.7 27 33
81 72.5 85 46
82 60.6 89
83 8.2 0
84 88.9 5 70 44 9
85 90.9 14 81 55 17
86 20.9 25
87 12.1 4 57
88 31.9 22 52
89 36.6 39 82
90 15.4 48
91 11.5 66
92 97.7 66
93 27.1 27
94 50.3 23
95 84.5 34
96 17.8 22
97 20.2 3
98 55.1 13
99 48.5 15 42
