75
0 45.1 46 17 21 61
1 53.1 46 12
2 63.5 46
3 69.3 46 4 5 6 24 44
4 58.9 3 8 13 64
5 4.9 3 26
6 16.9 3 39 50
7 0.1 39 47
8 3.9 4 9 69 52 68 58
9 2.1 8
10 47.6 13 19 73
11 42.9 39 20 38 57
12 37.7 1 29
13 8.7 4 10 30 67 37
14 48.7 35 70
15 38.3 35 49
16 62.1 30
17 61.4 0
18 42.2 60
19 51.3 10
20 1.3 11 59
21 35.1 0
22 52.8 30 32
23 41.0 67
24 34.0 3
25 56.5 69
26 17.7 5 27 41
27 17.3 26
28 14.6 46
29 63.5 12
30 18.6 13 60 22 16
31 3.9 41 53
32 63.6 22 40 66
33 1.7 39 74
34 72.3 48
35 37.5 39 15 14 55
36 64.9 61
37 35.4 13
38 28.2 11 45 62
39 12.9 6 11 35 33 7
40 16.9 32
41 69.6 26 48 31
42 41.7 55
43 47.1 57
44 70.9 3
45 13.4 38 63
46 21.3 0 2 3 1 28
47 22.7 7
48 54.7 41 34
49 30.3 15
50 41.5 6
51 47.9 62
52 46.9 8
53 48.8 31
54 69.1 60
55 38.9 35 42
56 40.7 68
57 68.9 11 43
58 73.4 8
59 51.0 20
60 26.5 30 54 18 65
61 20.5 0 36
62 4.4 38 51
63 64.0 45
64 56.6 4
65 51.3 60
66 48.9 32 72
67 25.4 13 23
68 48.5 8 56 71
69 70.9 8 25
70 53.8 14
71 74.3 68
72 57.6 66
73 12.9 10
74 29.6 33
