150
0 2 141 21 13 72 122
1 22 27 43
2 1 77 18 104
3 26
4 100 124
5 139 52 115
6 103 17 62 29 91 39 112 137
7
8 10 41 88 81
9 5 71
10
11 96 8 6 20 23
12 34
13 80 25 120
14
15 38 146
16
17
18 84
19
20 45
21 4
22 65 82
23 37 114 126
24
25 95 78 144 132
26 67 121 66
27 116 92
28 57 73
29 125
30
31
32
33
34 53
35
36 35 94 131
37
38 70 42
39 55
40
41 130 145
42
43 28
44
45 83
46 119 140
47
48 89
49 76
50
51
52 68 85
53
54
55
56 147
57
58 79 118
59 56 129
60
61 63
62 59 24
63
64 31
65
66
67 107
68
69 97 127
70
71
72 50 40
73 113
74
75
76 110
77 109 46
78
79
80 15
81 101
82 123
83
84 135
85
86 105
87
88 69
89 134
90 117
91 33 32
92 108 111
93 60 138
94 98
95 64 51 54 61 30 143
96 93 86 7
97
98
99 19
100
101
102 48 47
103 99 36 14
104 133
105
106 90
107
108
109 12
110
111
112 106 75
113
114
115
116 102 44
117
118 148
119 74
120
121
122
123
124
125 142
126
127 128
128
129
130
131
132
133
134 136
135
136
137
138
139 16
140
141 9 11 3 58
142 49
143
144 87
145 149
146
147
148
149
