250
0 55 243 8 24 101
1
2 9 14 23 211
3
4
5
6 13 29 97
7 10 75 20 141 201
8 62 89 127
9 26 53 207
10 54 151
11 150 102
12 67 123
13 15 47 196 146
14 21 37 229
15 40 230 103 246
16
17 161 159
18 228 110 176
19
20 121
21 86 32 33
22
23 36
24 87 117
25 5 6 7 4 142
26 18 11 41 51 234
27 46 177 173
28 52
29 83 133
30 99
31
32 114 195 193
33 85 180 240
34 81 92
35
36 168 42
37 66
38
39 175 203 200 202
40
41 111 95 249
42 58 244
43 192
44 157
45 27 138
46 59 109
47 19 154
48 34 222
49 174
50
51 76 100 226
52 74
53 166
54 145 12 136 165
55 2 16 48 1 219
56
57
58 115 179
59 170
60
61 149 72 77 135
62 124
63
64
65
66
67 82
68
69 71 245
70 194 241
71 107
72
73
74
75 35 69 17 119 212
76
77 129
78
79
80
81
82 112 172
83 84
84 105
85 90
86 39 28 94
87 183
88 96 131
89
90 91 125 171
91
92 93
93 104 204
94
95
96
97 116 153
98
99 185
100 221
101
102
103
104 120 181
105 224
106 239
107 187 214
108
109 163
110 98 220
111 70 60
112 132
113 184 236
114 68 43
115
116
117 182 213
118
119 88 79
120 223
121 31
122 118 190
123
124
125
126 242
127
128
129 205
130 217
131
132 156
133
134 198
135
136 206
137 158
138 56 209
139
140
141
142
143
144
145 45 80 169 22
146
147
148
149 63
150 49 44
151 189
152
153
154 137 216
155
156
157
158
159 162
160
161 78 208
162
163 143
164 231
165 155
166 108
167
168 38 191
169 113
170 167 134 238
171
172
173 178
174 73
175
176
177 160 237
178 232
179
180 148
181
182 140
183
184
185
186 210 247
187
188
189
190
191
192 188
193
194
195 128
196 126
197 225
198
199
200
201
202
203 186
204
205 248
206
207
208 218
209 147 227
210
211 215
212
213
214
215
216
217
218
219 122 164 65
220
221 197
222 199 152
223
224
225
226
227
228 106 64
229
230 57 130 50
231
232
233
234
235
236 233
237
238
239
240
241
242
243 25 30 61 139 3
244 235 144
245
246
247
248
249
