100
0 3 4 63 22 83
1 26 8 9 11 13 93 40 64
2 79
3 1 35 33 65 55
4
5 97 30 50
6 27 66 95
7
8 28 90 74
9 14 24
10 5 15 37
11 16 19 84 45 52
12
13 23 57
14
15
16 29
17
18
19 25 53 54
20
21 31 32
22 21 42 49
23 71
24
25 78
26 6 72 80
27 39
28 12
29
30 51 58
31
32 34 82 70
33
34
35 10 2 46
36
37
38
39 68
40
41
42
43
44
45 60
46 56 85 98
47
48 89
49 75 87
50
51
52
53
54
55 99 94
56 96
57 59 88
58
59 92
60 67 69
61 43
62 91
63 61 48 7
64 44
65 41 86
66 47
67
68
69
70
71
72
73
74 81
75
76
77
78
79
80
81
82 62
83
84 36
85
86
87
88
89 76
90 38
91
92
93 20 18
94
95
96
97 73 17
98
99 77
