75
0 55 17 15
1 21 4 10 19 42
2 57
3 43
4 22 36 40 46
5
6
7
8 29
9 3 54 18 45
10
11 12 50
12 73
13 26
14
15 53
16 63
17
18 20 37
19 34 68
20 25
21 48 11 2 66
22 6 5 35 41 72
23 8
24 31 69
25 32 44
26 59
27 39
28
29 27
30
31
32 49
33
34
35 51
36 71
37
38
39
40
41
42 62 70
43
44 47
45
46
47
48 7
49
50 58 67
51
52
53
54 24 28 14 65
55 1 9 23 16 61
56
57 33
58
59
60 52
61 38
62
63 64
64
65
66
67
68
69
70
71
72 56
73 13 74 60
74 30
