200
0 1 2 4 120
1 13 6 29 11 16 17 109
2 5
3 39 78 197
4 14 118
5 40
6 8 19 25 28 30 44 81 94 147
7 74 87
8 27 57
9 12 101
10 15 18 20 26 189
11
12 22 103
13 9 3 21
14 45 64
15 71
16 91 92 168
17 37 139
18
19 23 24
20 93 154
21 32 76
22 128 130
23
24 162 52 124 150
25 36 46
26 69 84 141 177
27 33 42 107 117
28 53 54 72 169
29 10 7 80
30 31 49 105
31 35
32 83
33 95 190 195
34 125 131
35 50 173 185
36 48 82 157
37 60 65 90
38
39 88 98 104
40 70 137
41 132
42 58 75 99 116 163
43 122 138
44 171 198
45 187 199
46 121 135
47 51
48 56 97
49 68 73
50 61 134
51 66
52
53 34
54 102 164
55 156
56 77
57 111 186
58
59
60
61 146
62
63 158
64 181
65 166
66 113
67
68
69
70 108 126 174
71 123 149
72
73 96
74 172
75
76
77 85
78 136
79 193
80 160 179
81
82
83 43 86
84
85 192
86
87
88 55
89
90
91
92
93 59
94 143
95 41
96
97 145
98
99 112
100
101 114 140
102 148 178
103 106 63 110
104 129
105 155 180
106 79
107
108
109
110
111
112
113 133
114
115 194
116
117
118
119
120 67
121 152
122
123
124
125
126
127
128
129
130
131 142
132 127
133 170
134
135
136 89
137
138
139
140 144 184
141 153
142 161
143 167
144
145
146 165
147
148
149 176
150
151
152
153 191
154
155 151
156
157
158 196
159
160 159 119
161 175 183
162 47 38
163
164
165
166
167
168
169
170
171
172
173 115
174
175
176
177
178
179
180 182 188
181
182
183
184
185
186
187 62
188
189
190
191
192 100
193
194
195
196
197
198
199
