500
0 1 2 4 6 16 95 361 97
1 465 142 41 191 212
2 227 7 9 15
3 250 461
4 165 35 38 59
5
6 415 27 120
7 169 26 31 117 166 453 314 437
8 178
9 20 472
10 21 131 110 345
11
12 13 65 213
13 185
14
15 76 24 180 236 452 445
16 40 85
17 406 149
18 246
19 101 357
20 134 467
21 102 293
22
23
24 78
25 37 67 73 158 260 457
26 382 62 146 282
27 255 162 237 462
28 292 435
29 42 440 148 244 484
30 88 75
31 125 143 344
32 90 119 251
33
34 216 218 259
35 100 106 111
36 82 184 229
37 71 139 220 375
38 231
39
40 92 368
41 84 245
42 274 427 241
43
44 118 436 334
45 321
46 63 48 402 203
47 378 468
48 434 96
49 113
50 448 183 257 58 373
51
52 77 121 181
53 333 413 487
54 64 476 79 315
55
56
57 364
58 367
59 60
60 319 332
61 412
62 94 240 290
63 317 211
64 295
65 114 126
66
67 47 228
68
69
70
71 83
72 192 294 432
73 154
74 300
75 419
76 30 19 137 464
77
78 389 262 327
79 89 138
80 141
81 52 268 36
82 193 252
83 80
84 430 285 460
85 210
86
87 130
88 45
89 87 176 397
90 99 393 247 280 372
91 351
92 44 381
93 424
94
95 53 49 352
96
97 152 223 350
98 160
99 132 307 336 450
100 215
101
102
103
104 105 273
105 112 278
106 129 416
107 269 398
108
109
110 161 173
111 202
112 199 339 355 360
113 170
114
115
116 264 309 135
117 354
118 466 177 225 362
119 168 189 443
120
121 155 343
122 405 488
123
124
125 261 426 338
126 497
127 209
128 496
129 200
130 275
131 411 39
132 359
133 254 401
134
135 156
136
137 425
138 163 301
139 446
140 447
141 470
142 43 98 109 28
143 194
144 115 72 145 410
145 399
146
147
148 198
149 328
150 310 318 385 438
151
152
153 25 32 34 74 127 18
154 204
155 147 283
156
157 224
158
159
160 182 323 370 469
161
162 175 249 463
163
164 55 232 322
165 5
166 235
167
168 197
169 10 187 153 489 33 8 289 498
170 201
171 219 311
172
173 206 341
174 266
175 284 340
176
177
178
179
180
181 190 221 439
182
183
184 205
185 222
186 208
187 14 226 444
188
189
190
191 157 68
192
193 233 248 404
194 449
195 320
196
197 253 330
198
199 207
200
201 299
202 159
203
204
205 380
206
207
208
209
210
211
212
213 171 107 347
214 384 493
215 238
216 306
217 104 93
218
219
220
221
222 277 414
223
224 276
225
226 214 271
227 17 407 217 3
228 267 325
229
230
231
232
233
234
235 433
236
237
238 272 441
239 304 308 371
240 150
241
242
243
244 270
245
246 451
247 195 174 342
248
249 366
250
251 376 409 478
252 356 494
253 483
254 256 459
255 122
256 455
257
258
259
260 230
261 286
262
263
264
265
266 400
267
268 57
269
270
271 353
272
273
274 46 179 337
275
276
277
278 239
279
280
281 302
282
283 369 392
284 391
285
286
287
288
289 479 486
290 258
291
292
293
294 428
295 475
296
297
298
299
300 492
301
302 421
303
304
305
306 331
307 473
308 431 365
309 379
310 363
311 324
312
313
314
315 390
316
317 140
318
319 86
320
321 408
322
323
324 348
325
326 456 482 490
327 495
328
329
330 296
331
332 186 279 172 346
333
334
335
336 420
337
338
339
340
341
342 396
343
344
345
346
347
348 349 422
349
350
351
352
353
354
355
356
357 136
358
359 313 298
360
361 61
362
363
364
365 403
366
367
368
369 491
370
371
372
373
374
375
376
377
378 288
379
380
381
382 167 51
383 374
384
385
386
387
388
389 242 418
390
391
392
393 133
394 423
395
396
397 394
398
399 377
400
401
402 108
403
404
405
406 91 56
407 50 66
408
409
410 234
411 297 103
412
413
414
415 12 81 54 263 326 335 383 11
416
417
418
419
420 387
421 474
422
423
424
425 442
426 305
427 144 69
428
429
430 188
431 358
432 316
433 417 458
434 388 429 151
435
436 123
437
438
439
440 124 485
441 477
442
443
444
445
446
447
448 499 196 471 454
449
450
451
452 291
453 281
454
455
456
457
458
459
460
461
462 386
463
464
465 243 22
466 128
467
468
469
470 303 329 265 481
471 395
472
473
474
475
476 287 70
477
478
479
480
481
482
483
484
485
486
487
488
489 29 164 23
490
491
492 480
493
494
495
496
497
498
499 116 312
